Cromosomas:0.590258109778764,0.017623904653372702,0.1407411303671977,0.26118148028126564,0.7001448298190506,0.5100181419453033,0.6306930992927638,0.9641739558100707, - Turnos:178 ¿Gana?:true
Cromosomas:0.007743431900899348,0.3991666644849571,0.8446960237495768,0.7116351566003961,0.6575476772335784,0.7830706322117771,0.5974767816383124,0.8332572731916884, - Turnos:0 ¿Gana?:false


