Cromosomas:0.005797757592918895,0.4649553466655785,0.35787244349091973,0.4943102848987584,0.3291192345627275,0.7839700282476851,0.36453560241694316,0.5677095749261043, - Turnos:161 ¿Gana?:false
Cromosomas:0.590258109778764,0.017623904653372702,0.1407411303671977,0.26118148028126564,0.7001448298190506,0.5100181419453033,0.6306930992927638,0.9641739558100707, - Turnos:132 ¿Gana?:false


