Cromosomas:0.7287237670101581,1.9764683908036714E-4,0.019635615113085012,0.7791485042845068,0.5797580400949608,0.7988137328303923,0.006428877664570334,0.6378173740289792, - Turnos:2147483647 ¿Gana?:false
Cromosomas:0.8782301195822971,5.357791690796532E-5,0.968385171313883,0.7059869097801371,0.6526965818739529,0.7712581719984003,0.421538852623482,0.5612113460627509, - Turnos:0 ¿Gana?:false


