Cromosomas:0.005797757592918895,0.4649553466655785,0.35787244349091973,0.4943102848987584,0.3291192345627275,0.7839700282476851,0.36453560241694316,0.5677095749261043, - Turnos:243 ¿Gana?:true
Cromosomas:0.3965370830360585,0.11570191575266671,0.6788116526801333,0.3240448412843576,0.39173166052295194,0.44160229400404605,0.536093565647586,0.8633944852910742, - Turnos:271 ¿Gana?:false


