Cromosomas:0.7287237670101581,1.9764683908036714E-4,0.019635615113085012,0.7791485042845068,0.5797580400949608,0.7988137328303923,0.006428877664570334,0.6378173740289792, - Turnos:169 ¿Gana?:true
Cromosomas:0.06743848950790526,0.22271758315801388,0.2970919108614899,0.7184600044754701,0.14358837217024217,0.075086478218511,0.6244742862503351,0.5312470595337491, - Turnos:0 ¿Gana?:false


