Cromosomas:0.590258109778764,0.017623904653372702,0.1407411303671977,0.26118148028126564,0.7001448298190506,0.5100181419453033,0.6306930992927638,0.9641739558100707, - Turnos:204 ¿Gana?:true
Cromosomas:0.6580234689157458,0.029256312791566985,0.3246612862763807,0.3982090192664454,0.2853206242795603,0.43604714729957883,0.5718072584656735,0.6652366759068766, - Turnos:0 ¿Gana?:false


