Cromosomas:0.5896735067649828,0.016278635136734824,0.7843099264985853,0.5714572804787234,0.2931756849072513,0.5489039773303381,0.594452053612526,0.3414520057774871, - Turnos:122 ¿Gana?:false
Cromosomas:0.7287237670101581,1.9764683908036714E-4,0.019635615113085012,0.7791485042845068,0.5797580400949608,0.7988137328303923,0.006428877664570334,0.6378173740289792, - Turnos:683 ¿Gana?:false


