Cromosomas:0.06743848950790526,0.22271758315801388,0.2970919108614899,0.7184600044754701,0.14358837217024217,0.075086478218511,0.6244742862503351,0.5312470595337491, - Turnos:175 ¿Gana?:true
Cromosomas:0.3965370830360585,0.11570191575266671,0.6788116526801333,0.3240448412843576,0.39173166052295194,0.44160229400404605,0.536093565647586,0.8633944852910742, - Turnos:0 ¿Gana?:false


