Cromosomas:0.007743431900899348,0.3991666644849571,0.8446960237495768,0.7116351566003961,0.6575476772335784,0.7830706322117771,0.5974767816383124,0.8332572731916884, - Turnos:147 ¿Gana?:true
Cromosomas:0.3965370830360585,0.11570191575266671,0.6788116526801333,0.3240448412843576,0.39173166052295194,0.44160229400404605,0.536093565647586,0.8633944852910742, - Turnos:271 ¿Gana?:false


