Cromosomas:0.005797757592918895,0.4649553466655785,0.35787244349091973,0.4943102848987584,0.3291192345627275,0.7839700282476851,0.36453560241694316,0.5677095749261043, - Turnos:175 ¿Gana?:true
Cromosomas:0.6580234689157458,0.029256312791566985,0.3246612862763807,0.3982090192664454,0.2853206242795603,0.43604714729957883,0.5718072584656735,0.6652366759068766, - Turnos:141 ¿Gana?:true


