Cromosomas:0.3965370830360585,0.11570191575266671,0.6788116526801333,0.3240448412843576,0.39173166052295194,0.44160229400404605,0.536093565647586,0.8633944852910742, - Turnos:133 ¿Gana?:false
Cromosomas:0.4392411248220655,0.009700786439660719,0.7173465584960896,0.3766289581595217,0.47510839945112254,0.5093313198748592,0.538802771314292,0.5146092161239835, - Turnos:127 ¿Gana?:false


