Cromosomas:0.06743848950790526,0.22271758315801388,0.2970919108614899,0.7184600044754701,0.14358837217024217,0.075086478218511,0.6244742862503351,0.5312470595337491, - Turnos:158 ¿Gana?:true
Cromosomas:0.6580234689157458,0.029256312791566985,0.3246612862763807,0.3982090192664454,0.2853206242795603,0.43604714729957883,0.5718072584656735,0.6652366759068766, - Turnos:141 ¿Gana?:true


