Cromosomas:0.4392411248220655,0.009700786439660719,0.7173465584960896,0.3766289581595217,0.47510839945112254,0.5093313198748592,0.538802771314292,0.5146092161239835, - Turnos:255 ¿Gana?:false
Cromosomas:0.4392411248220655,0.009700786439660719,0.7173465584960896,0.3766289581595217,0.47510839945112254,0.5093313198748592,0.538802771314292,0.5146092161239835, - Turnos:255 ¿Gana?:false


