Cromosomas:0.5896735067649828,0.016278635136734824,0.7843099264985853,0.5714572804787234,0.2931756849072513,0.5489039773303381,0.594452053612526,0.3414520057774871, - Turnos:206 ¿Gana?:false
Cromosomas:0.590258109778764,0.017623904653372702,0.1407411303671977,0.26118148028126564,0.7001448298190506,0.5100181419453033,0.6306930992927638,0.9641739558100707, - Turnos:132 ¿Gana?:false


