Cromosomas:0.06743848950790526,0.22271758315801388,0.2970919108614899,0.7184600044754701,0.14358837217024217,0.075086478218511,0.6244742862503351,0.5312470595337491, - Turnos:204 ¿Gana?:false
Cromosomas:0.06743848950790526,0.22271758315801388,0.2970919108614899,0.7184600044754701,0.14358837217024217,0.075086478218511,0.6244742862503351,0.5312470595337491, - Turnos:204 ¿Gana?:false


