Cromosomas:0.007743431900899348,0.3991666644849571,0.8446960237495768,0.7116351566003961,0.6575476772335784,0.7830706322117771,0.5974767816383124,0.8332572731916884, - Turnos:275 ¿Gana?:false
Cromosomas:0.7287237670101581,1.9764683908036714E-4,0.019635615113085012,0.7791485042845068,0.5797580400949608,0.7988137328303923,0.006428877664570334,0.6378173740289792, - Turnos:683 ¿Gana?:false


