Cromosomas:0.7287237670101581,1.9764683908036714E-4,0.019635615113085012,0.7791485042845068,0.5797580400949608,0.7988137328303923,0.006428877664570334,0.6378173740289792, - Turnos:683 ¿Gana?:false
Cromosomas:0.005797757592918895,0.4649553466655785,0.35787244349091973,0.4943102848987584,0.3291192345627275,0.7839700282476851,0.36453560241694316,0.5677095749261043, - Turnos:0 ¿Gana?:false


