Cromosomas:0.7287237670101581,1.9764683908036714E-4,0.019635615113085012,0.7791485042845068,0.5797580400949608,0.7988137328303923,0.006428877664570334,0.6378173740289792, - Turnos:598 ¿Gana?:true
Cromosomas:0.7287237670101581,1.9764683908036714E-4,0.019635615113085012,0.7791485042845068,0.5797580400949608,0.7988137328303923,0.006428877664570334,0.6378173740289792, - Turnos:598 ¿Gana?:true


