Cromosomas:0.3965370830360585,0.11570191575266671,0.6788116526801333,0.3240448412843576,0.39173166052295194,0.44160229400404605,0.536093565647586,0.8633944852910742, - Turnos:245 ¿Gana?:true
Cromosomas:0.8782301195822971,5.357791690796532E-5,0.968385171313883,0.7059869097801371,0.6526965818739529,0.7712581719984003,0.421538852623482,0.5612113460627509, - Turnos:208 ¿Gana?:true


