Cromosomas:0.8782301195822971,5.357791690796532E-5,0.968385171313883,0.7059869097801371,0.6526965818739529,0.7712581719984003,0.421538852623482,0.5612113460627509, - Turnos:208 ¿Gana?:true
Cromosomas:0.005797757592918895,0.4649553466655785,0.35787244349091973,0.4943102848987584,0.3291192345627275,0.7839700282476851,0.36453560241694316,0.5677095749261043, - Turnos:0 ¿Gana?:false


