Cromosomas:0.7287237670101581,1.9764683908036714E-4,0.019635615113085012,0.7791485042845068,0.5797580400949608,0.7988137328303923,0.006428877664570334,0.6378173740289792, - Turnos:192 ¿Gana?:false
Cromosomas:0.3965370830360585,0.11570191575266671,0.6788116526801333,0.3240448412843576,0.39173166052295194,0.44160229400404605,0.536093565647586,0.8633944852910742, - Turnos:0 ¿Gana?:false


