Cromosomas:0.4392411248220655,0.009700786439660719,0.7173465584960896,0.3766289581595217,0.47510839945112254,0.5093313198748592,0.538802771314292,0.5146092161239835, - Turnos:235 ¿Gana?:false
Cromosomas:0.6580234689157458,0.029256312791566985,0.3246612862763807,0.3982090192664454,0.2853206242795603,0.43604714729957883,0.5718072584656735,0.6652366759068766, - Turnos:0 ¿Gana?:false


