Cromosomas:0.007743431900899348,0.3991666644849571,0.8446960237495768,0.7116351566003961,0.6575476772335784,0.7830706322117771,0.5974767816383124,0.8332572731916884, - Turnos:237 ¿Gana?:true
Cromosomas:0.4392411248220655,0.009700786439660719,0.7173465584960896,0.3766289581595217,0.47510839945112254,0.5093313198748592,0.538802771314292,0.5146092161239835, - Turnos:127 ¿Gana?:false


