Cromosomas:0.5896735067649828,0.016278635136734824,0.7843099264985853,0.5714572804787234,0.2931756849072513,0.5489039773303381,0.594452053612526,0.3414520057774871, - Turnos:266 ¿Gana?:true
Cromosomas:0.5896735067649828,0.016278635136734824,0.7843099264985853,0.5714572804787234,0.2931756849072513,0.5489039773303381,0.594452053612526,0.3414520057774871, - Turnos:266 ¿Gana?:true


