Cromosomas:0.5896735067649828,0.016278635136734824,0.7843099264985853,0.5714572804787234,0.2931756849072513,0.5489039773303381,0.594452053612526,0.3414520057774871, - Turnos:145 ¿Gana?:false
Cromosomas:0.8782301195822971,5.357791690796532E-5,0.968385171313883,0.7059869097801371,0.6526965818739529,0.7712581719984003,0.421538852623482,0.5612113460627509, - Turnos:0 ¿Gana?:false


