Cromosomas:0.6580234689157458,0.029256312791566985,0.3246612862763807,0.3982090192664454,0.2853206242795603,0.43604714729957883,0.5718072584656735,0.6652366759068766, - Turnos:240 ¿Gana?:true
Cromosomas:0.3965370830360585,0.11570191575266671,0.6788116526801333,0.3240448412843576,0.39173166052295194,0.44160229400404605,0.536093565647586,0.8633944852910742, - Turnos:0 ¿Gana?:false


