Cromosomas:0.06743848950790526,0.22271758315801388,0.2970919108614899,0.7184600044754701,0.14358837217024217,0.075086478218511,0.6244742862503351,0.5312470595337491, - Turnos:117 ¿Gana?:true
Cromosomas:0.007743431900899348,0.3991666644849571,0.8446960237495768,0.7116351566003961,0.6575476772335784,0.7830706322117771,0.5974767816383124,0.8332572731916884, - Turnos:0 ¿Gana?:false


