Cromosomas:0.590258109778764,0.017623904653372702,0.1407411303671977,0.26118148028126564,0.7001448298190506,0.5100181419453033,0.6306930992927638,0.9641739558100707, - Turnos:256 ¿Gana?:false
Cromosomas:0.590258109778764,0.017623904653372702,0.1407411303671977,0.26118148028126564,0.7001448298190506,0.5100181419453033,0.6306930992927638,0.9641739558100707, - Turnos:256 ¿Gana?:false


