Cromosomas:0.3965370830360585,0.11570191575266671,0.6788116526801333,0.3240448412843576,0.39173166052295194,0.44160229400404605,0.536093565647586,0.8633944852910742, - Turnos:123 ¿Gana?:true
Cromosomas:0.590258109778764,0.017623904653372702,0.1407411303671977,0.26118148028126564,0.7001448298190506,0.5100181419453033,0.6306930992927638,0.9641739558100707, - Turnos:132 ¿Gana?:false


