Cromosomas:0.5896735067649828,0.016278635136734824,0.7843099264985853,0.5714572804787234,0.2931756849072513,0.5489039773303381,0.594452053612526,0.3414520057774871, - Turnos:108 ¿Gana?:true
Cromosomas:0.4392411248220655,0.009700786439660719,0.7173465584960896,0.3766289581595217,0.47510839945112254,0.5093313198748592,0.538802771314292,0.5146092161239835, - Turnos:127 ¿Gana?:false


