Cromosomas:0.007743431900899348,0.3991666644849571,0.8446960237495768,0.7116351566003961,0.6575476772335784,0.7830706322117771,0.5974767816383124,0.8332572731916884, - Turnos:390 ¿Gana?:false
Cromosomas:0.8782301195822971,5.357791690796532E-5,0.968385171313883,0.7059869097801371,0.6526965818739529,0.7712581719984003,0.421538852623482,0.5612113460627509, - Turnos:208 ¿Gana?:true


