Cromosomas:0.4827950276485812,0.05327803304277653,0.05423813065856037,0.1962467989575315,0.18804641377935696,0.7122540096707128,0.08645176336491368,0.5868439567098888, - Turnos:932 ¿Gana?:false
Cromosomas:0.49953971129076213,0.2455070545305153,0.5512142832806787,0.6118190061522651,0.2689422957379329,0.7111120183561702,0.7632524872112635,0.8835856889355379, - Turnos:0 ¿Gana?:false


