Cromosomas:0.00865643416174294,0.13013017516184602,0.5942214326636988,0.4606014377471249,0.4291740228879596,0.7313944209624611,0.7437535147295122,0.4801369984054713, - Turnos:1307 ¿Gana?:false
Cromosomas:0.40614755621904564,0.008947907619556822,0.459490372961674,0.133516444428475,0.09933458974225966,0.6902334978297044,0.6125091436443066,0.4013289257589658, - Turnos:0 ¿Gana?:false


