Cromosomas:0.00865643416174294,0.13013017516184602,0.5942214326636988,0.4606014377471249,0.4291740228879596,0.7313944209624611,0.7437535147295122,0.4801369984054713, - Turnos:1278 ¿Gana?:false
Cromosomas:0.08317899775001202,0.269328559584938,0.4519700602812491,0.5126615605318623,0.4497052379606489,0.7193258268820903,0.42479491894001076,0.42518150038686914, - Turnos:0 ¿Gana?:false


