Cromosomas:0.15873361840070377,0.19245540672612174,0.5272372731688297,0.7574950105654106,0.35912020144138984,0.2288179671216604,0.923966384059881,0.6269960155327602, - Turnos:902 ¿Gana?:true
Cromosomas:0.08317899775001202,0.269328559584938,0.4519700602812491,0.5126615605318623,0.4497052379606489,0.7193258268820903,0.42479491894001076,0.42518150038686914, - Turnos:0 ¿Gana?:false


