Cromosomas:0.42866617349878516,0.020996349960960912,0.5951569661039416,0.6135336512690417,0.40440963230191695,0.6093753586853742,0.3742897568608773,0.6818529923565275, - Turnos:642 ¿Gana?:true
Cromosomas:0.49953971129076213,0.2455070545305153,0.5512142832806787,0.6118190061522651,0.2689422957379329,0.7111120183561702,0.7632524872112635,0.8835856889355379, - Turnos:0 ¿Gana?:false


