Cromosomas:0.42866617349878516,0.020996349960960912,0.5951569661039416,0.6135336512690417,0.40440963230191695,0.6093753586853742,0.3742897568608773,0.6818529923565275, - Turnos:930 ¿Gana?:true
Cromosomas:0.5998149691289131,8.466698720355215E-5,0.3203014274830107,0.6348218748464499,0.6715334379640565,0.7908027437454676,0.2624520220002189,0.6332454944811828, - Turnos:1239 ¿Gana?:true


