Cromosomas:0.00865643416174294,0.13013017516184602,0.5942214326636988,0.4606014377471249,0.4291740228879596,0.7313944209624611,0.7437535147295122,0.4801369984054713, - Turnos:874 ¿Gana?:true
Cromosomas:0.1952137327257209,0.34166639022401857,0.30853399836490764,0.6524125820198226,0.04900070130282645,0.6846209417530463,0.5674632927285976,0.5595531263396434, - Turnos:0 ¿Gana?:false


