Cromosomas:0.0027405859071194458,0.399694097996913,0.531066490957737,0.5252463108459591,0.44151805029313607,0.7665458292633865,0.31765908013562244,0.7241157602163053, - Turnos:968 ¿Gana?:false
Cromosomas:0.034907932776653834,0.11822246346561921,0.8280008862519138,0.6861023706620188,0.6463652786783257,0.7702612647882575,0.4674416688335924,0.5560812601595692, - Turnos:0 ¿Gana?:false


