Cromosomas:0.023031400282765718,0.288583879303044,0.7813751517804515,0.46473260901051044,0.36669663203870606,0.7900392616452466,0.2300694619228707,0.34710000376167904, - Turnos:1205 ¿Gana?:false
Cromosomas:0.007751828879710811,0.4004256871225212,0.3040806691061873,0.5715829119547758,0.48882347986611524,0.7531843382468174,0.17879672907929006,0.4135356841476962, - Turnos:0 ¿Gana?:false


