Cromosomas:0.15873361840070377,0.19245540672612174,0.5272372731688297,0.7574950105654106,0.35912020144138984,0.2288179671216604,0.923966384059881,0.6269960155327602, - Turnos:795 ¿Gana?:true
Cromosomas:0.5998149691289131,8.466698720355215E-5,0.3203014274830107,0.6348218748464499,0.6715334379640565,0.7908027437454676,0.2624520220002189,0.6332454944811828, - Turnos:1239 ¿Gana?:true


