Cromosomas:0.034907932776653834,0.11822246346561921,0.8280008862519138,0.6861023706620188,0.6463652786783257,0.7702612647882575,0.4674416688335924,0.5560812601595692, - Turnos:909 ¿Gana?:false
Cromosomas:0.40614755621904564,0.008947907619556822,0.459490372961674,0.133516444428475,0.09933458974225966,0.6902334978297044,0.6125091436443066,0.4013289257589658, - Turnos:984 ¿Gana?:true


