Cromosomas:0.0027405859071194458,0.399694097996913,0.531066490957737,0.5252463108459591,0.44151805029313607,0.7665458292633865,0.31765908013562244,0.7241157602163053, - Turnos:983 ¿Gana?:false
Cromosomas:0.1952137327257209,0.34166639022401857,0.30853399836490764,0.6524125820198226,0.04900070130282645,0.6846209417530463,0.5674632927285976,0.5595531263396434, - Turnos:0 ¿Gana?:false


