Cromosomas:0.09978267816749446,0.23032668116070584,0.06446668711729682,0.3145662812995889,0.6783974914572055,0.7306356321118216,0.6645303530434207,0.7107283003587886, - Turnos:962 ¿Gana?:true
Cromosomas:0.007751828879710811,0.4004256871225212,0.3040806691061873,0.5715829119547758,0.48882347986611524,0.7531843382468174,0.17879672907929006,0.4135356841476962, - Turnos:1295 ¿Gana?:false


