Cromosomas:0.09978267816749446,0.23032668116070584,0.06446668711729682,0.3145662812995889,0.6783974914572055,0.7306356321118216,0.6645303530434207,0.7107283003587886, - Turnos:1358 ¿Gana?:false
Cromosomas:0.09978267816749446,0.23032668116070584,0.06446668711729682,0.3145662812995889,0.6783974914572055,0.7306356321118216,0.6645303530434207,0.7107283003587886, - Turnos:1358 ¿Gana?:false


