Cromosomas:0.49953971129076213,0.2455070545305153,0.5512142832806787,0.6118190061522651,0.2689422957379329,0.7111120183561702,0.7632524872112635,0.8835856889355379, - Turnos:1680 ¿Gana?:true
Cromosomas:0.0027405859071194458,0.399694097996913,0.531066490957737,0.5252463108459591,0.44151805029313607,0.7665458292633865,0.31765908013562244,0.7241157602163053, - Turnos:0 ¿Gana?:false


