Cromosomas:0.023031400282765718,0.288583879303044,0.7813751517804515,0.46473260901051044,0.36669663203870606,0.7900392616452466,0.2300694619228707,0.34710000376167904, - Turnos:859 ¿Gana?:false
Cromosomas:0.15873361840070377,0.19245540672612174,0.5272372731688297,0.7574950105654106,0.35912020144138984,0.2288179671216604,0.923966384059881,0.6269960155327602, - Turnos:0 ¿Gana?:false


