Cromosomas:0.09978267816749446,0.23032668116070584,0.06446668711729682,0.3145662812995889,0.6783974914572055,0.7306356321118216,0.6645303530434207,0.7107283003587886, - Turnos:1035 ¿Gana?:false
Cromosomas:0.1952137327257209,0.34166639022401857,0.30853399836490764,0.6524125820198226,0.04900070130282645,0.6846209417530463,0.5674632927285976,0.5595531263396434, - Turnos:0 ¿Gana?:false


