Cromosomas:0.42866617349878516,0.020996349960960912,0.5951569661039416,0.6135336512690417,0.40440963230191695,0.6093753586853742,0.3742897568608773,0.6818529923565275, - Turnos:844 ¿Gana?:true
Cromosomas:0.0027405859071194458,0.399694097996913,0.531066490957737,0.5252463108459591,0.44151805029313607,0.7665458292633865,0.31765908013562244,0.7241157602163053, - Turnos:0 ¿Gana?:false


