Cromosomas:0.023031400282765718,0.288583879303044,0.7813751517804515,0.46473260901051044,0.36669663203870606,0.7900392616452466,0.2300694619228707,0.34710000376167904, - Turnos:1280 ¿Gana?:false
Cromosomas:0.034907932776653834,0.11822246346561921,0.8280008862519138,0.6861023706620188,0.6463652786783257,0.7702612647882575,0.4674416688335924,0.5560812601595692, - Turnos:0 ¿Gana?:false


