Cromosomas:0.15873361840070377,0.19245540672612174,0.5272372731688297,0.7574950105654106,0.35912020144138984,0.2288179671216604,0.923966384059881,0.6269960155327602, - Turnos:732 ¿Gana?:true
Cromosomas:0.09978267816749446,0.23032668116070584,0.06446668711729682,0.3145662812995889,0.6783974914572055,0.7306356321118216,0.6645303530434207,0.7107283003587886, - Turnos:0 ¿Gana?:false


