Cromosomas:0.007751828879710811,0.4004256871225212,0.3040806691061873,0.5715829119547758,0.48882347986611524,0.7531843382468174,0.17879672907929006,0.4135356841476962, - Turnos:1092 ¿Gana?:false
Cromosomas:0.01798830002878981,0.0589919310326945,0.5095445636693665,0.13954369278880815,0.23273726269551936,0.7332158071928045,0.5894601955924742,0.9740553181473641, - Turnos:0 ¿Gana?:false


