Cromosomas:0.023031400282765718,0.288583879303044,0.7813751517804515,0.46473260901051044,0.36669663203870606,0.7900392616452466,0.2300694619228707,0.34710000376167904, - Turnos:977 ¿Gana?:false
Cromosomas:0.00865643416174294,0.13013017516184602,0.5942214326636988,0.4606014377471249,0.4291740228879596,0.7313944209624611,0.7437535147295122,0.4801369984054713, - Turnos:0 ¿Gana?:false


