Cromosomas:0.007751828879710811,0.4004256871225212,0.3040806691061873,0.5715829119547758,0.48882347986611524,0.7531843382468174,0.17879672907929006,0.4135356841476962, - Turnos:2489 ¿Gana?:true
Cromosomas:0.007751828879710811,0.4004256871225212,0.3040806691061873,0.5715829119547758,0.48882347986611524,0.7531843382468174,0.17879672907929006,0.4135356841476962, - Turnos:2489 ¿Gana?:true


