Cromosomas:0.034907932776653834,0.11822246346561921,0.8280008862519138,0.6861023706620188,0.6463652786783257,0.7702612647882575,0.4674416688335924,0.5560812601595692, - Turnos:1294 ¿Gana?:false
Cromosomas:0.08317899775001202,0.269328559584938,0.4519700602812491,0.5126615605318623,0.4497052379606489,0.7193258268820903,0.42479491894001076,0.42518150038686914, - Turnos:1188 ¿Gana?:true


