Cromosomas:0.4827950276485812,0.05327803304277653,0.05423813065856037,0.1962467989575315,0.18804641377935696,0.7122540096707128,0.08645176336491368,0.5868439567098888, - Turnos:982 ¿Gana?:false
Cromosomas:0.42866617349878516,0.020996349960960912,0.5951569661039416,0.6135336512690417,0.40440963230191695,0.6093753586853742,0.3742897568608773,0.6818529923565275, - Turnos:791 ¿Gana?:true


