Cromosomas:0.49953971129076213,0.2455070545305153,0.5512142832806787,0.6118190061522651,0.2689422957379329,0.7111120183561702,0.7632524872112635,0.8835856889355379, - Turnos:1445 ¿Gana?:true
Cromosomas:0.1952137327257209,0.34166639022401857,0.30853399836490764,0.6524125820198226,0.04900070130282645,0.6846209417530463,0.5674632927285976,0.5595531263396434, - Turnos:0 ¿Gana?:false


