Cromosomas:0.08317899775001202,0.269328559584938,0.4519700602812491,0.5126615605318623,0.4497052379606489,0.7193258268820903,0.42479491894001076,0.42518150038686914, - Turnos:833 ¿Gana?:false
Cromosomas:0.4827950276485812,0.05327803304277653,0.05423813065856037,0.1962467989575315,0.18804641377935696,0.7122540096707128,0.08645176336491368,0.5868439567098888, - Turnos:1049 ¿Gana?:false


