Cromosomas:0.42866617349878516,0.020996349960960912,0.5951569661039416,0.6135336512690417,0.40440963230191695,0.6093753586853742,0.3742897568608773,0.6818529923565275, - Turnos:900 ¿Gana?:true
Cromosomas:0.09978267816749446,0.23032668116070584,0.06446668711729682,0.3145662812995889,0.6783974914572055,0.7306356321118216,0.6645303530434207,0.7107283003587886, - Turnos:0 ¿Gana?:false


