Cromosomas:0.00865643416174294,0.13013017516184602,0.5942214326636988,0.4606014377471249,0.4291740228879596,0.7313944209624611,0.7437535147295122,0.4801369984054713, - Turnos:946 ¿Gana?:true
Cromosomas:0.034907932776653834,0.11822246346561921,0.8280008862519138,0.6861023706620188,0.6463652786783257,0.7702612647882575,0.4674416688335924,0.5560812601595692, - Turnos:0 ¿Gana?:false


