Cromosomas:0.00865643416174294,0.13013017516184602,0.5942214326636988,0.4606014377471249,0.4291740228879596,0.7313944209624611,0.7437535147295122,0.4801369984054713, - Turnos:877 ¿Gana?:false
Cromosomas:0.49953971129076213,0.2455070545305153,0.5512142832806787,0.6118190061522651,0.2689422957379329,0.7111120183561702,0.7632524872112635,0.8835856889355379, - Turnos:0 ¿Gana?:false


