Cromosomas:0.023031400282765718,0.288583879303044,0.7813751517804515,0.46473260901051044,0.36669663203870606,0.7900392616452466,0.2300694619228707,0.34710000376167904, - Turnos:962 ¿Gana?:false
Cromosomas:0.4827950276485812,0.05327803304277653,0.05423813065856037,0.1962467989575315,0.18804641377935696,0.7122540096707128,0.08645176336491368,0.5868439567098888, - Turnos:0 ¿Gana?:false


