Cromosomas:0.1952137327257209,0.34166639022401857,0.30853399836490764,0.6524125820198226,0.04900070130282645,0.6846209417530463,0.5674632927285976,0.5595531263396434, - Turnos:937 ¿Gana?:true
Cromosomas:0.023031400282765718,0.288583879303044,0.7813751517804515,0.46473260901051044,0.36669663203870606,0.7900392616452466,0.2300694619228707,0.34710000376167904, - Turnos:1280 ¿Gana?:false


