Cromosomas:0.00865643416174294,0.13013017516184602,0.5942214326636988,0.4606014377471249,0.4291740228879596,0.7313944209624611,0.7437535147295122,0.4801369984054713, - Turnos:1047 ¿Gana?:true
Cromosomas:0.0027405859071194458,0.399694097996913,0.531066490957737,0.5252463108459591,0.44151805029313607,0.7665458292633865,0.31765908013562244,0.7241157602163053, - Turnos:0 ¿Gana?:false


