Cromosomas:0.49953971129076213,0.2455070545305153,0.5512142832806787,0.6118190061522651,0.2689422957379329,0.7111120183561702,0.7632524872112635,0.8835856889355379, - Turnos:1111 ¿Gana?:true
Cromosomas:0.01798830002878981,0.0589919310326945,0.5095445636693665,0.13954369278880815,0.23273726269551936,0.7332158071928045,0.5894601955924742,0.9740553181473641, - Turnos:998 ¿Gana?:true


