Cromosomas:0.01798830002878981,0.0589919310326945,0.5095445636693665,0.13954369278880815,0.23273726269551936,0.7332158071928045,0.5894601955924742,0.9740553181473641, - Turnos:1045 ¿Gana?:true
Cromosomas:0.023031400282765718,0.288583879303044,0.7813751517804515,0.46473260901051044,0.36669663203870606,0.7900392616452466,0.2300694619228707,0.34710000376167904, - Turnos:1280 ¿Gana?:false


