Cromosomas:0.01798830002878981,0.0589919310326945,0.5095445636693665,0.13954369278880815,0.23273726269551936,0.7332158071928045,0.5894601955924742,0.9740553181473641, - Turnos:961 ¿Gana?:true
Cromosomas:0.5998149691289131,8.466698720355215E-5,0.3203014274830107,0.6348218748464499,0.6715334379640565,0.7908027437454676,0.2624520220002189,0.6332454944811828, - Turnos:1239 ¿Gana?:true


