Cromosomas:0.15873361840070377,0.19245540672612174,0.5272372731688297,0.7574950105654106,0.35912020144138984,0.2288179671216604,0.923966384059881,0.6269960155327602, - Turnos:1039 ¿Gana?:true
Cromosomas:0.01798830002878981,0.0589919310326945,0.5095445636693665,0.13954369278880815,0.23273726269551936,0.7332158071928045,0.5894601955924742,0.9740553181473641, - Turnos:0 ¿Gana?:false


