Cromosomas:0.40614755621904564,0.008947907619556822,0.459490372961674,0.133516444428475,0.09933458974225966,0.6902334978297044,0.6125091436443066,0.4013289257589658, - Turnos:973 ¿Gana?:true
Cromosomas:0.4827950276485812,0.05327803304277653,0.05423813065856037,0.1962467989575315,0.18804641377935696,0.7122540096707128,0.08645176336491368,0.5868439567098888, - Turnos:1049 ¿Gana?:false


