Cromosomas:0.40614755621904564,0.008947907619556822,0.459490372961674,0.133516444428475,0.09933458974225966,0.6902334978297044,0.6125091436443066,0.4013289257589658, - Turnos:962 ¿Gana?:false
Cromosomas:0.49953971129076213,0.2455070545305153,0.5512142832806787,0.6118190061522651,0.2689422957379329,0.7111120183561702,0.7632524872112635,0.8835856889355379, - Turnos:1137 ¿Gana?:true


