Cromosomas:0.40614755621904564,0.008947907619556822,0.459490372961674,0.133516444428475,0.09933458974225966,0.6902334978297044,0.6125091436443066,0.4013289257589658, - Turnos:1073 ¿Gana?:true
Cromosomas:0.08317899775001202,0.269328559584938,0.4519700602812491,0.5126615605318623,0.4497052379606489,0.7193258268820903,0.42479491894001076,0.42518150038686914, - Turnos:1188 ¿Gana?:true


