Cromosomas:0.5998149691289131,8.466698720355215E-5,0.3203014274830107,0.6348218748464499,0.6715334379640565,0.7908027437454676,0.2624520220002189,0.6332454944811828, - Turnos:1585 ¿Gana?:false
Cromosomas:0.49953971129076213,0.2455070545305153,0.5512142832806787,0.6118190061522651,0.2689422957379329,0.7111120183561702,0.7632524872112635,0.8835856889355379, - Turnos:0 ¿Gana?:false


