Cromosomas:0.007751828879710811,0.4004256871225212,0.3040806691061873,0.5715829119547758,0.48882347986611524,0.7531843382468174,0.17879672907929006,0.4135356841476962, - Turnos:2192 ¿Gana?:false
Cromosomas:0.5998149691289131,8.466698720355215E-5,0.3203014274830107,0.6348218748464499,0.6715334379640565,0.7908027437454676,0.2624520220002189,0.6332454944811828, - Turnos:1239 ¿Gana?:true


