Cromosomas:0.0027405859071194458,0.399694097996913,0.531066490957737,0.5252463108459591,0.44151805029313607,0.7665458292633865,0.31765908013562244,0.7241157602163053, - Turnos:1210 ¿Gana?:false
Cromosomas:0.4827950276485812,0.05327803304277653,0.05423813065856037,0.1962467989575315,0.18804641377935696,0.7122540096707128,0.08645176336491368,0.5868439567098888, - Turnos:1049 ¿Gana?:false


