Cromosomas:0.007751828879710811,0.4004256871225212,0.3040806691061873,0.5715829119547758,0.48882347986611524,0.7531843382468174,0.17879672907929006,0.4135356841476962, - Turnos:1295 ¿Gana?:false
Cromosomas:0.034907932776653834,0.11822246346561921,0.8280008862519138,0.6861023706620188,0.6463652786783257,0.7702612647882575,0.4674416688335924,0.5560812601595692, - Turnos:0 ¿Gana?:false


