Cromosomas:0.49953971129076213,0.2455070545305153,0.5512142832806787,0.6118190061522651,0.2689422957379329,0.7111120183561702,0.7632524872112635,0.8835856889355379, - Turnos:1122 ¿Gana?:true
Cromosomas:0.007751828879710811,0.4004256871225212,0.3040806691061873,0.5715829119547758,0.48882347986611524,0.7531843382468174,0.17879672907929006,0.4135356841476962, - Turnos:1295 ¿Gana?:false


