Cromosomas:0.0027405859071194458,0.399694097996913,0.531066490957737,0.5252463108459591,0.44151805029313607,0.7665458292633865,0.31765908013562244,0.7241157602163053, - Turnos:2147483647 ¿Gana?:false
Cromosomas:0.0027405859071194458,0.399694097996913,0.531066490957737,0.5252463108459591,0.44151805029313607,0.7665458292633865,0.31765908013562244,0.7241157602163053, - Turnos:2147483647 ¿Gana?:false


