Cromosomas:0.00865643416174294,0.13013017516184602,0.5942214326636988,0.4606014377471249,0.4291740228879596,0.7313944209624611,0.7437535147295122,0.4801369984054713, - Turnos:2795 ¿Gana?:false
Cromosomas:0.00865643416174294,0.13013017516184602,0.5942214326636988,0.4606014377471249,0.4291740228879596,0.7313944209624611,0.7437535147295122,0.4801369984054713, - Turnos:2795 ¿Gana?:false


